1.621853310516450652e-01 6.656908069683040163e-03 2.745569531951610152e-03 -4.300054410429295787e-03 -2.767890119683284397e-03 -1.351096537298107679e-03 2.833262212893498315e-04 2.267737132388037737e-03 3.505817454679357906e-04 9.303792451253850007e-04 4.025762971417407130e-04
6.656908069683040163e-03 3.946541527355516138e-02 3.760236232642471393e-04 2.399810009295855369e-03 -1.414241277985518828e-03 -1.999054020002822857e-03 -6.698185154221866777e-04 -1.162221919753870679e-03 -9.476049776784159842e-04 1.866149884560381971e-04 1.314503057234412970e-04
2.745569531951608851e-03 3.760236232642464346e-04 2.598626569086681659e-02 -1.409756371629200793e-03 -6.713424574423956055e-04 4.795185056678520044e-04 -7.533569839513909070e-04 2.074520878140605261e-04 -8.547110883228475941e-04 -4.796820919237109859e-04 -7.946286258384169471e-05
-4.300054410429295787e-03 2.399810009295855369e-03 -1.409756371629200143e-03 6.264458383407529342e-03 8.582903414111771583e-04 3.184138469283114741e-04 6.109395334021474428e-04 1.719460826464075094e-04 -3.851515819287596007e-04 -2.703266833592017854e-04 5.174350955995211059e-05
-2.767890119683284397e-03 -1.414241277985518828e-03 -6.713424574423954971e-04 8.582903414111771583e-04 1.847653210336377538e-03 4.430113585662660250e-04 2.623021189282960411e-04 1.829607988991935406e-04 1.654785289749730807e-04 6.726949718760560264e-05 1.330403965066262081e-05
-1.351096537298107029e-03 -1.999054020002822857e-03 4.795185056678520044e-04 3.184138469283113114e-04 4.430113585662660250e-04 9.143399849554246367e-04 2.998668287384939862e-04 2.602500539653607821e-04 1.347893625205217260e-04 -7.508855831150412156e-05 1.843451672315048732e-05
2.833262212893498315e-04 -6.698185154221864609e-04 -7.533569839513909070e-04 6.109395334021472260e-04 2.623021189282960411e-04 2.998668287384939862e-04 6.385215690206121715e-04 2.762669736231047196e-04 9.351786287191604164e-05 8.212399819725387125e-05 3.153343696976269227e-05
2.267737132388037303e-03 -1.162221919753870679e-03 2.074520878140602008e-04 1.719460826464074281e-04 1.829607988991935406e-04 2.602500539653607821e-04 2.762669736231047196e-04 7.950354824840569733e-04 4.896492041234763552e-04 4.516579368172272567e-05 -2.021301897633692141e-05
3.505817454679362242e-04 -9.476049776784154421e-04 -8.547110883228475941e-04 -3.851515819287595465e-04 1.654785289749731349e-04 1.347893625205217260e-04 9.351786287191604164e-05 4.896492041234763552e-04 6.578763561275078556e-04 1.573298018866347008e-04 -5.971783874706476018e-05
9.303792451253850007e-04 1.866149884560383326e-04 -4.796820919237109859e-04 -2.703266833592018938e-04 6.726949718760561619e-05 -7.508855831150414867e-05 8.212399819725385770e-05 4.516579368172272567e-05 1.573298018866347279e-04 1.731138931154973777e-04 -7.958588873376108144e-06
4.025762971417407130e-04 1.314503057234412970e-04 -7.946286258384168116e-05 5.174350955995209026e-05 1.330403965066260895e-05 1.843451672315048393e-05 3.153343696976269227e-05 -2.021301897633692141e-05 -5.971783874706477373e-05 -7.958588873376108144e-06 7.927906414278957465e-05
