1.995841180844160512e+00 -2.666427378963425188e-01 -1.640123872562344043e-01 -1.042362062156128866e-01 2.464182245842501395e-02 -3.596925633956379181e-02 -5.100954433007883989e-05 1.578349161680302985e-03 -1.627760855333731937e-02 -8.504079927298104080e-03 1.997663246531506537e-02
-2.666427378963425188e-01 4.221051854121712354e-01 1.251956432694158747e-03 -1.099131478728240102e-02 -1.873951479855865201e-02 1.483328671563345635e-02 -7.910553512852592714e-03 5.249614636867612136e-03 1.992070285783235049e-03 6.046535204442298611e-03 -1.854885732994423098e-03
-1.640123872562344043e-01 1.251956432694161566e-03 7.112017503548097308e-02 1.851574895120880818e-02 3.189807227654111940e-03 3.286078641760507586e-03 9.581900325293242178e-04 -1.611348045826022958e-03 1.590604452431855021e-03 -6.464252510020832183e-04 -1.582832036306302528e-03
-1.042362062156128727e-01 -1.099131478728240102e-02 1.851574895120880124e-02 3.611308334610070780e-02 -1.651071270685766168e-03 1.092499166504493817e-03 -4.419010095372993591e-05 -2.096186665955604780e-03 1.501823508107776126e-03 -1.560541846197313208e-04 -7.700118707818970256e-04
2.464182245842501048e-02 -1.873951479855865201e-02 3.189807227654111073e-03 -1.651071270685766168e-03 5.086198095494969679e-03 -8.053578849223691407e-04 8.946097418973878021e-04 -4.697913544755055368e-05 -3.665349795983883119e-04 -1.902009270431213471e-04 1.815579999686403590e-04
-3.596925633956379181e-02 1.483328671563345635e-02 3.286078641760507586e-03 1.092499166504493817e-03 -8.053578849223691407e-04 2.591168895738976512e-03 -7.569334937131060948e-04 9.268173693904725014e-05 4.903895837224476941e-04 3.299093525404248875e-04 -3.223164604659648456e-04
-5.100954433008061527e-05 -7.910553512852592714e-03 9.581900325293242178e-04 -4.419010095372993591e-05 8.946097418973878021e-04 -7.569334937131060948e-04 1.005106529830720932e-03 3.347358965369798950e-05 -2.949669572301108988e-04 -1.636172794714587948e-04 -3.366554626732445600e-05
1.578349161680302985e-03 5.249614636867612136e-03 -1.611348045826022958e-03 -2.096186665955604780e-03 -4.697913544755054013e-05 9.268173693904720948e-05 3.347358965369798950e-05 3.924024723287688446e-04 -1.404393968170016091e-04 5.700365428973110793e-05 7.494864238688947900e-05
-1.627760855333731937e-02 1.992070285783235049e-03 1.590604452431855454e-03 1.501823508107776560e-03 -3.665349795983883119e-04 4.903895837224478025e-04 -2.949669572301108445e-04 -1.404393968170015549e-04 3.671662807301421367e-04 1.009174264438221995e-04 -2.899796324593033499e-04
-8.504079927298105815e-03 6.046535204442301213e-03 -6.464252510020832183e-04 -1.560541846197313208e-04 -1.902009270431212658e-04 3.299093525404250501e-04 -1.636172794714588219e-04 5.700365428973111471e-05 1.009174264438221860e-04 2.694385271423058712e-04 -4.210508411517685745e-05
1.997663246531506537e-02 -1.854885732994423098e-03 -1.582832036306302745e-03 -7.700118707818970256e-04 1.815579999686403048e-04 -3.223164604659648456e-04 -3.366554626732444922e-05 7.494864238688951966e-05 -2.899796324593034583e-04 -4.210508411517684390e-05 5.074432956478983070e-04
