col0	col1	col2	col3	col4	col5	col6	col7	col8	col9	col10
57.40311317257052	28.365958789364885	26.535529397686737	24.565156959182172	21.016543706929532	16.514913413300462	9.760766785493047	5.438572730801507	2.815291894350932	-0.4572320364182549	-2.3046301859785707
28.365958789364882	25.82007318764388	21.76609041481783	20.231194280152273	17.909694913973986	14.486796347869154	8.436381807003809	5.246978339715552	2.958846003349135	-0.17607321461907788	-1.7434992489717158
26.535529397686744	21.76609041481783	23.37265568577636	20.016793087397687	17.803337518247275	15.344168557787391	9.628085653495797	6.372431569555338	3.7337199361332236	-0.3609206355133853	-1.583917258297775
24.565156959182172	20.231194280152273	20.016793087397687	18.778560960618705	16.595406844255837	14.019736886359365	8.248253426099518	5.236681584311507	2.9403994315747273	-0.2252404261575618	-1.2176262673666134
21.016543706929532	17.909694913973986	17.803337518247275	16.595406844255837	15.716033911242647	13.283488674740141	7.852009547262854	4.744695382679737	2.534550330240116	-0.29223542539999386	-0.9678289701301633
16.514913413300462	14.486796347869154	15.34416855778739	14.019736886359365	13.283488674740138	12.120709375042596	7.829131195776397	5.067028523779133	2.733606999477487	-0.2571480522145882	-0.9544900947020998
9.760766785493049	8.436381807003809	9.628085653495797	8.248253426099518	7.852009547262854	7.829131195776397	6.582584682140888	4.902969314687095	2.783024482706433	-0.1477643331347216	-0.9051130223071562
5.438572730801507	5.246978339715552	6.372431569555338	5.236681584311506	4.744695382679737	5.067028523779133	4.902969314687095	4.207451664982708	2.518077201292923	-0.007779293104701193	-0.6646571585830873
2.815291894350932	2.958846003349135	3.7337199361332236	2.940399431574728	2.534550330240115	2.7336069994774874	2.783024482706434	2.518077201292923	1.7372954451290046	0.10621379001700973	-0.32413570907860684
-0.4572320364182549	-0.17607321461907782	-0.36092063551338527	-0.2252404261575618	-0.29223542539999386	-0.2571480522145883	-0.14776433313472156	-0.007779293104701176	0.10621379001700973	0.3888280083026546	0.4175238926295133
-2.3046301859785703	-1.7434992489717152	-1.5839172582977752	-1.2176262673666134	-0.9678289701301637	-0.9544900947020998	-0.9051130223071563	-0.6646571585830869	-0.32413570907860667	0.4175238926295135	2.3971730100362576
