5.578032497758447228e-01 1.228099330218173149e-02 2.416548496932768159e-02 3.140795589352419342e-02 -6.724441116775984988e-03 -1.405735917727138394e-03 2.341824961194176932e-03 1.714065645189867104e-04 -4.588740156916566986e-04 2.879847604849066281e-03 2.114838043544173436e-03
1.228099330218172976e-02 1.194015615890407639e-01 1.476425813691161111e-02 7.046872456502420966e-03 -5.184163945025194696e-04 -1.746900267831968424e-03 8.792895669445791778e-04 3.163278820654741915e-04 -7.088274360419529602e-04 8.665292860676165323e-04 2.071328282185227435e-04
2.416548496932768159e-02 1.476425813691161111e-02 3.353337477059369770e-02 2.497906397529866922e-03 -6.052425670332537908e-03 -5.159800786242232755e-03 -5.499287419843545835e-04 -1.229967812223427617e-03 -1.007110050260880173e-03 -5.596156461033592513e-04 5.780506957431933465e-05
3.140795589352419342e-02 7.046872456502420966e-03 2.497906397529866922e-03 2.187044608847829585e-02 1.020078139313801381e-03 -1.170675424378041750e-03 -9.052454748440303582e-04 -1.612982741347476572e-04 -1.505368661546934838e-04 -4.211461032708248980e-05 -1.089750095202002809e-04
-6.724441116775983253e-03 -5.184163945025187107e-04 -6.052425670332537908e-03 1.020078139313801164e-03 6.623574429728633015e-03 1.849738428911617237e-03 3.459184425575305703e-04 -3.925356453929852653e-04 -3.933029367290898537e-04 -5.510564554739707860e-04 1.094829988998599016e-04
-1.405735917727135792e-03 -1.746900267831967557e-03 -5.159800786242232755e-03 -1.170675424378041316e-03 1.849738428911617888e-03 2.940152616429199915e-03 5.697494204785080599e-04 -2.451283175449246016e-04 7.621241688289277089e-05 -6.525021775941404381e-05 4.530654533603630039e-05
2.341824961194177799e-03 8.792895669445791778e-04 -5.499287419843545835e-04 -9.052454748440303582e-04 3.459184425575305703e-04 5.697494204785080599e-04 7.595436435897610222e-04 8.098218650610150191e-05 1.341442594994568028e-04 7.559999455678560667e-05 3.599178114018424879e-05
1.714065645189855990e-04 3.163278820654738662e-04 -1.229967812223427617e-03 -1.612982741347476301e-04 -3.925356453929852653e-04 -2.451283175449246558e-04 8.098218650610147481e-05 5.805542622241509744e-04 2.694199504949248091e-04 2.280493710389337606e-04 -3.114818773487125551e-05
-4.588740156916571323e-04 -7.088274360419528517e-04 -1.007110050260880173e-03 -1.505368661546934296e-04 -3.933029367290898537e-04 7.621241688289279799e-05 1.341442594994568570e-04 2.694199504949247007e-04 6.845808604120723817e-04 2.167154178551091305e-04 -9.958264718945444936e-05
2.879847604849065847e-03 8.665292860676167492e-04 -5.596156461033594681e-04 -4.211461032708254401e-05 -5.510564554739707860e-04 -6.525021775941398960e-05 7.559999455678562022e-05 2.280493710389337877e-04 2.167154178551091305e-04 3.485027305470158308e-04 1.167149212943754219e-05
2.114838043544173436e-03 2.071328282185226622e-04 5.780506957431931432e-05 -1.089750095202003487e-04 1.094829988998599016e-04 4.530654533603628684e-05 3.599178114018424879e-05 -3.114818773487125551e-05 -9.958264718945444936e-05 1.167149212943755235e-05 1.328179304586151030e-04
