1.937918609795291625e+00 2.983502859540170804e-01 1.655604666553119608e-01 -2.066435065404380409e-03 -6.627887642451784321e-03 -8.095596997421787566e-03 9.917412565556428528e-03 -4.221429481882857035e-03 -9.792808131087947857e-03 7.907177724336489702e-03 -8.710370366521722960e-03
2.983502859540170804e-01 7.644652254819763737e-01 2.146595636251325823e-01 8.337442626941955759e-02 2.432609583733701467e-02 -3.703126045336428696e-02 1.210346812567074382e-02 7.846768758720923387e-03 1.020326799187750051e-02 -7.771262563928917587e-03 -1.043766316914697265e-04
1.655604666553119608e-01 2.146595636251325823e-01 2.050857274976846945e-01 4.362265059961718816e-02 1.964399731965033730e-02 -4.792802242082807446e-04 6.602639527136745269e-03 7.674500707594809901e-04 4.649974689673851960e-04 6.465210492351311077e-04 -2.722452915889472976e-03
-2.066435065404380409e-03 8.337442626941959922e-02 4.362265059961718816e-02 6.377446950002725601e-02 -3.143381461557669468e-03 -1.050316709579144671e-02 4.352509457397199175e-03 1.140838762293365722e-03 6.216930414709609821e-04 -2.567688696595385369e-03 8.061726504775582839e-04
-6.627887642451780852e-03 2.432609583733701814e-02 1.964399731965033730e-02 -3.143381461557670335e-03 1.879214250774579112e-02 3.908892528361903457e-03 -3.506031916589013187e-04 1.518749137318547169e-03 2.766295477168068291e-04 4.915146512466993332e-04 1.100331000972456673e-03
-8.095596997421789301e-03 -3.703126045336428696e-02 -4.792802242082815035e-04 -1.050316709579143977e-02 3.908892528361902589e-03 8.804339509953440154e-03 -5.373146178163099376e-04 -8.054827888878046335e-04 -9.654081751116366274e-04 2.452764064056007099e-03 -2.302596058273205396e-04
9.917412565556428528e-03 1.210346812567074382e-02 6.602639527136745269e-03 4.352509457397199175e-03 -3.506031916589014271e-04 -5.373146178163096124e-04 2.899421890429606900e-03 3.101885129303751272e-04 7.708183868086102529e-04 -2.381813472639197839e-04 5.897850600506368860e-04
-4.221429481882857035e-03 7.846768758720923387e-03 7.674500707594801227e-04 1.140838762293365722e-03 1.518749137318546952e-03 -8.054827888878048504e-04 3.101885129303751272e-04 1.289470694655940651e-03 5.240952336497976729e-04 -9.188316903492426682e-04 -6.579586854196498209e-05
-9.792808131087951326e-03 1.020326799187750572e-02 4.649974689673853044e-04 6.216930414709610905e-04 2.766295477168066665e-04 -9.654081751116369526e-04 7.708183868086102529e-04 5.240952336497975645e-04 1.451922360502109956e-03 -4.023563015710624824e-05 6.054077673901422886e-04
7.907177724336489702e-03 -7.771262563928919322e-03 6.465210492351311077e-04 -2.567688696595385369e-03 4.915146512466990079e-04 2.452764064056006232e-03 -2.381813472639197839e-04 -9.188316903492425598e-04 -4.023563015710624824e-05 2.793714134536498354e-03 6.196431465803123578e-04
-8.710370366521724694e-03 -1.043766316914696859e-04 -2.722452915889473409e-03 8.061726504775588260e-04 1.100331000972456673e-03 -2.302596058273205125e-04 5.897850600506368860e-04 -6.579586854196504985e-05 6.054077673901421802e-04 6.196431465803122493e-04 2.055483369907306051e-03
