4.152941967362779430e+00 7.301179460923686859e-01 -9.939730820496015529e-01 -1.365528717827412843e-02 7.625854635938535131e-02 1.396040593914902109e-02 -4.007561065230235038e-03 -5.059299651749169131e-03 3.639025828006728011e-03 -1.324198792245216650e-03 -9.191269131447736551e-03
7.301179460923686859e-01 1.037227697225153067e+00 -2.228783649074695117e-01 -6.045885382652807505e-02 6.251907915808416205e-02 -1.421648640743982360e-02 6.698842571678361758e-03 5.252374136301950387e-03 -1.994793298114724226e-03 1.029392896846074122e-02 1.381130182347359162e-03
-9.939730820496015529e-01 -2.228783649074695117e-01 5.285244433590270408e-01 7.689041931053233747e-02 -1.882135594551990337e-02 1.374939760968788352e-03 -1.012709906958965921e-02 2.580897612300352313e-03 -7.285606583721746530e-04 -7.443056448943418226e-04 2.373692433975639875e-03
-1.365528717827413363e-02 -6.045885382652806811e-02 7.689041931053233747e-02 1.058623163825206520e-01 6.420470491947397919e-03 7.725922550349096675e-03 4.882256753242859219e-04 7.689666375139362774e-05 4.389417390806281058e-03 -4.241406179029264044e-04 5.399177819299603434e-04
7.625854635938535131e-02 6.251907915808416205e-02 -1.882135594551990337e-02 6.420470491947399654e-03 3.869245408299006039e-02 6.521256759969794141e-03 3.709542194518944923e-03 3.481761553161528185e-03 3.936547151816887496e-03 1.545774937909217607e-04 -1.462778365905441661e-03
1.396040593914901762e-02 -1.421648640743981840e-02 1.374939760968790087e-03 7.725922550349096675e-03 6.521256759969794141e-03 1.200359157699136710e-02 2.828335585841879312e-03 1.799272363309811469e-03 -2.444194246035384242e-04 -4.100691468281303224e-04 8.142507659655270945e-04
-4.007561065230235038e-03 6.698842571678361758e-03 -1.012709906958966441e-02 4.882256753242857051e-04 3.709542194518944923e-03 2.828335585841879312e-03 2.727484071894901996e-03 4.302443319519208488e-04 -6.880726041222512965e-05 -2.183082667323233599e-04 2.900076972400582819e-04
-5.059299651749170866e-03 5.252374136301948652e-03 2.580897612300351012e-03 7.689666375139362774e-05 3.481761553161528185e-03 1.799272363309812120e-03 4.302443319519208488e-04 9.873509820955558240e-04 4.946938745169330871e-04 -9.869322746815313075e-05 -8.552680819411018101e-05
3.639025828006729746e-03 -1.994793298114723792e-03 -7.285606583721731351e-04 4.389417390806281058e-03 3.936547151816887496e-03 -2.444194246035384242e-04 -6.880726041222510255e-05 4.946938745169330871e-04 1.362955978826010809e-03 -3.710997646738371683e-05 -4.652669962176765356e-04
-1.324198792245215349e-03 1.029392896846074122e-02 -7.443056448943418226e-04 -4.241406179029264044e-04 1.545774937909218691e-04 -4.100691468281303766e-04 -2.183082667323233328e-04 -9.869322746815313075e-05 -3.710997646738371005e-05 5.209871203136077003e-04 7.973126246565013825e-06
-9.191269131447736551e-03 1.381130182347358728e-03 2.373692433975639442e-03 5.399177819299606686e-04 -1.462778365905441445e-03 8.142507659655269861e-04 2.900076972400583903e-04 -8.552680819411019456e-05 -4.652669962176766440e-04 7.973126246565030766e-06 5.014536426627737038e-04
