col0	col1	col2	col3	col4	col5	col6	col7	col8	col9	col10
1057.4417180673654	869.2630640769611	643.5989310538195	432.75013240845215	272.6282359317806	178.85306713626423	60.73490287050013	26.70601215158493	11.584655159686013	2.7135036311503584	-1.6905850064699672
869.2630640769611	772.482434229091	562.734106599988	381.1507518290379	238.86898577933485	157.50914227213516	52.913437438180495	22.99765027773348	8.56703531520015	1.6068459904897312	-3.934457771753949
643.5989310538195	562.734106599988	423.9355981607614	287.59589448260033	181.19459028786412	118.97601348548548	39.30193738782824	17.31244944327261	8.08263139108317	3.290091321200629	-1.9489240065943023
432.75013240845226	381.1507518290379	287.5958944826004	200.60966295806057	127.55505247767691	83.74564998165151	27.354145320731618	11.921368801097005	5.99583312121244	2.816905530170282	-1.3081976530933475
272.6282359317806	238.86898577933485	181.19459028786412	127.55505247767694	85.42501821850824	56.54377944847735	17.538999796706666	6.702988824228951	3.1360754810900877	1.0543304473347408	-1.2078004957824466
178.85306713626423	157.50914227213516	118.97601348548548	83.74564998165152	56.54377944847735	39.49216329058686	13.946449150433773	5.783550028969415	2.2832161639748327	0.020650548039736046	-1.2560478501991028
60.73490287050013	52.913437438180495	39.30193738782824	27.354145320731618	17.538999796706666	13.946449150433773	8.065112909672328	4.669151823971812	1.6881871018279224	-0.07144634415958652	-0.633588626046252
26.70601215158493	22.99765027773348	17.31244944327261	11.921368801097005	6.702988824228951	5.783550028969415	4.669151823971812	3.620566531963518	1.8117159859787793	0.7022664408560311	-0.08533753779648645
11.584655159686013	8.567035315200146	8.08263139108317	5.99583312121244	3.1360754810900877	2.2832161639748323	1.688187101827923	1.8117159859787793	2.0790200700257886	1.6158342258569864	0.46734839848381743
2.713503631150358	1.6068459904897319	3.290091321200629	2.816905530170283	1.0543304473347406	0.020650548039735834	-0.07144634415958633	0.7022664408560311	1.6158342258569864	2.2622256395285008	1.2387886703938105
-1.690585006469968	-3.9344577717539466	-1.9489240065943023	-1.3081976530933475	-1.2078004957824466	-1.2560478501991028	-0.6335886260462517	-0.08533753779648641	0.4673483984838176	1.2387886703938105	1.5293460231266236
