1.695579595988667698e-01 -2.890511245748141403e-02 -8.087098102412313251e-04 -3.016494957348399113e-03 -1.665030372027085205e-03 -1.989029989160027447e-04 -2.338781049654219818e-03 2.943562092939954497e-04 -2.328589654352379839e-03 2.391831535382984118e-03 1.228642671417178207e-03
-2.890511245748142791e-02 6.192490893935320706e-02 -1.155762879330826318e-03 3.624727656972574329e-03 2.826674290358507143e-03 8.793483304468143998e-04 1.292275925178747262e-03 2.260718721240474022e-04 1.294967264671439012e-03 -8.709819229560239462e-04 -2.175387590769826268e-03
-8.087098102412332767e-04 -1.155762879330825450e-03 1.948730794239144151e-02 2.869503890571269318e-03 -1.673383287748373598e-03 -1.086072187820877116e-03 9.556161236851469292e-04 -2.153047894522030559e-04 2.861197017207023677e-04 3.592837703790923418e-04 -1.354151386293571836e-04
-3.016494957348399546e-03 3.624727656972573896e-03 2.869503890571269318e-03 3.234536137032696917e-03 -2.392923956877284039e-04 6.743313519292693826e-05 4.474799125513866994e-04 1.413361083002716878e-05 5.419721356367028725e-04 -3.781514924841169285e-04 -1.909474990364242310e-04
-1.665030372027084555e-03 2.826674290358507143e-03 -1.673383287748373598e-03 -2.392923956877285395e-04 1.976364811850085841e-03 1.005580909629658548e-03 1.255455860560265890e-04 1.066995580535724173e-04 -2.320841807690783858e-04 -2.047774943861253351e-04 -5.783830572610940005e-04
-1.989029989160017689e-04 8.793483304468141830e-04 -1.086072187820877116e-03 6.743313519292695182e-05 1.005580909629658548e-03 1.303528316239051200e-03 3.660127089590287769e-04 2.085654630343539888e-04 -5.168360699281993899e-05 -1.556135494244929374e-04 -5.617884515392132690e-04
-2.338781049654218951e-03 1.292275925178746612e-03 9.556161236851469292e-04 4.474799125513865368e-04 1.255455860560265890e-04 3.660127089590287227e-04 6.040080156587093090e-04 2.932171955273980054e-04 8.652691427842979747e-05 1.102929484624680523e-06 -1.958395115195610357e-04
2.943562092939954497e-04 2.260718721240474022e-04 -2.153047894522031101e-04 1.413361083002719250e-05 1.066995580535724173e-04 2.085654630343539888e-04 2.932171955273980054e-04 5.825817063029284544e-04 1.864615269002260214e-04 1.284140316670784722e-04 3.225724222104698474e-05
-2.328589654352378972e-03 1.294967264671439662e-03 2.861197017207022593e-04 5.419721356367028725e-04 -2.320841807690783858e-04 -5.168360699281993899e-05 8.652691427842979747e-05 1.864615269002259943e-04 5.964313876458133667e-04 8.715870799312298498e-05 1.122212620203609832e-04
2.391831535382984118e-03 -8.709819229560239462e-04 3.592837703790923418e-04 -3.781514924841169285e-04 -2.047774943861253622e-04 -1.556135494244929645e-04 1.102929484624664430e-06 1.284140316670784722e-04 8.715870799312298498e-05 3.552685907308079124e-04 1.872653680759077692e-04
1.228642671417178207e-03 -2.175387590769825834e-03 -1.354151386293571022e-04 -1.909474990364240412e-04 -5.783830572610941089e-04 -5.617884515392132690e-04 -1.958395115195609543e-04 3.225724222104699830e-05 1.122212620203609968e-04 1.872653680759077963e-04 9.383338314333738257e-04
