# r_p wgg error
0.13374816 147.01008532 7.31950339845539
0.23924690999999998 100.99733812 5.180085134435533
0.42796151999999993 79.77970959 4.388358007273335
0.76553162 62.63890024 4.241480166168409
1.36937234 49.77586263999999 3.632393012877323
2.44951427 40.32654262 2.8704011914713243
4.381657069999999 33.51677791 2.3608583184935092
7.83784729 26.001416279999997 2.151759466111396
14.020232449999998 18.02104143 3.1871136525813446
25.07919715 12.16946241 3.752299169943476
44.86131958 6.0370114699999995 2.753818170258559
