# r_p wgg error
0.13374816 208.17574560999998 13.266689865976366
0.23924690999999998 112.49153356 6.922143526394118
0.42796151999999993 76.40472616 3.6778455650013364
0.76553162 55.09056483 2.48514788292367
1.36937234 38.245284139999995 1.654762097704682
2.44951427 25.898569690000002 1.3403418966815892
4.381657069999999 17.578450049999997 1.1171372789411336
7.83784729 10.403116709999999 0.8863006261985827
14.020232449999998 5.04591724 0.9994421443985638
25.07919715 2.4824348499999997 0.8699116047047538
44.86131958 1.90709351 0.7082775585884392
