# r_p wg+ error
1.337456323605207553e-01 1.460791303294066479e+00 1.412742432591362451e+00
2.392427646802507413e-01 -2.828254392948467005e-02 6.496962254870896070e-01
4.279549129317599676e-01 5.103151517554883609e-01 2.666836609833473926e-01
7.655211966272212898e-01 -3.582732006131849473e-02 1.900344267392114206e-01
1.369356174628184819e+00 1.383677930204399616e-02 7.131758615863950657e-02
2.449489761033297075e+00 5.272878754796931494e-03 5.090352537633299063e-02
4.381621232354769191e+00 2.197259598245851139e-02 3.170341511305557747e-02
7.837797458570864961e+00 -2.218742626453237918e-03 1.980915122686403504e-02
1.402016873297046651e+01 1.514451687818993419e-02 1.916158346092885351e-02
2.507912871440851887e+01 -1.475574021025970184e-02 1.641458275870288225e-02
4.486127870877710677e+01 1.595719038385743152e-02 2.252650207306714294e-02
