# r_p wg+ error
1.337456323605207553e-01 6.140663485394693977e-01 4.117741609169603412e-01
2.392427646802507413e-01 5.057286378743208743e-02 2.488471597976420757e-01
4.279549129317599676e-01 -9.217848115920464214e-02 1.395969481843762905e-01
7.655211966272212898e-01 -1.176015358694561599e-02 5.687298248758101277e-02
1.369356174628184819e+00 -1.948712291209711220e-02 4.445632476768728719e-02
2.449489761033297075e+00 -2.970544283885530670e-02 3.610440854298891528e-02
4.381621232354769191e+00 1.065465539271014117e-02 2.457657453061165218e-02
7.837797458570864961e+00 -4.933494612531182100e-02 2.413672940360662295e-02
1.402016873297046651e+01 -4.983974109568279492e-02 2.442194479655159303e-02
2.507912871440851887e+01 9.977795504478076741e-03 1.884856999166801411e-02
4.486127870877710677e+01 5.535803383531901628e-02 3.063223516874623645e-02
