# r_p wg+ error
1.337456323605207553e-01 5.674273357537185092e-02 4.027223994908217808e-01
2.392427646802507413e-01 5.957999964558382544e-01 1.986590427681437232e-01
4.279549129317599676e-01 -3.868424888928575361e-02 1.612025610555453126e-01
7.655211966272212898e-01 1.096114805924295749e-01 7.914833152636592539e-02
1.369356174628184819e+00 -2.812241195879955011e-02 4.298433680233274684e-02
2.449489761033297075e+00 4.231831186063127886e-02 3.023805524426834840e-02
4.381621232354769191e+00 2.320262762066118995e-03 2.526898432902700137e-02
7.837797458570864961e+00 3.372893663710072043e-02 2.819637356973511699e-02
1.402016873297046651e+01 2.669586097865423238e-02 2.564910049353598398e-02
2.507912871440851887e+01 -6.741004255265060918e-03 1.315727529222891073e-02
4.486127870877710677e+01 1.272890836621067695e-02 8.903879162634091918e-03
